report_date,previous_day_doses_administered,total_doses_administered,total_doses_in_fully_vaccinated_individuals,total_individuals_fully_vaccinated
2020-12-24,,10756,,
2020-12-30,4595,18603,,
2020-12-31,5463,23502,,
2021-01-01,5415,28887,,
2021-01-02,4305,33191,,
2021-01-03,4361,37551,,
2021-01-04,4808,42419,,
2021-01-05,7607,50030,,
2021-01-06,10350,60380,860,430
2021-01-07,12251,72631,2173,1087
2021-01-08,14932,87563,4053,2027
2021-01-09,15700,103263,5880,2940
2021-01-10,9983,113246,5884,2942
2021-01-11,8859,122105,5884,2942
2021-01-12,11448,133553,6046,3023
2021-01-13,11231,144784,8778,4389
2021-01-14,14237,159021,13293,6647
2021-01-15,15609,174630,17094,8547
2021-01-16,14460,189090,19333,9667
2021-01-17,11007,200097,21714,10857
2021-01-18,9691,209788,21752,10876
2021-01-19,14346,224134,25609,12805
2021-01-20,13784,237918,32361,16181
2021-01-21,15899,253817,40225,20113
2021-01-22,11168,264985,49292,24646
2021-01-23,11161,276146,57907,28954
2021-01-24,4427,280573,62881,31441
2021-01-25,5537,286110,71256,35628
2021-01-26,9707,295817,83285,41643
2021-01-27,9513,305330,96459,48230
2021-01-28,11910,317240,110571,55286
2021-01-29,10215,327455,123357,61679
2021-01-30,9373,336828,135574,67787
2021-01-31,2816,339644,137698,68849
2021-02-01,2256,341900,140585,70293
2021-02-02,2715,344615,144113,72057
2021-02-03,3716,348331,149987,74994
2021-02-04,6724,355055,161954,80977
2021-02-05,7694,362749,175662,87831
2021-02-06,9917,372666,193146,96573
2021-02-07,6518,379184,203487,101744
2021-02-08,6987,386171,212326,106163
2021-02-09,12462,398633,231058,115529
2021-02-10,13486,412119,251449,125725
2021-02-11,14717,426836,273975,136988
2021-02-12,15605,442441,302563,151282
2021-02-13,14506,456947,328614,164307
2021-02-14,10679,467626,349286,174643
2021-02-15,7698,475324,364274,182137
2021-02-16,5053,480377,373867,186934
2021-02-17,9107,489484,390731,195366
2021-02-18,12383,501867,411604,205802
2021-02-19,16967,518834,435429,217715
2021-02-20,21295,540129,458301,229151
2021-02-21,16404,556533,471843,235922
2021-02-22,12922,569455,481337,240669
2021-02-23,16252,585707,494083,247042
2021-02-24,17141,602848,503180,251590
2021-02-25,19112,621960,510897,255449
2021-02-26,21805,643765,516028,258014
2021-02-27,24339,668104,521943,260972
2021-02-28,19167,687271,524205,262103
2021-03-01,17424,704695,526427,263214
2021-03-02,22326,727021,529792,264896
2021-03-03,27398,754419,533420,266710
2021-03-04,30409,784828,536235,268118
2021-03-05,35886,820714,538126,269063
2021-03-06,39698,860412,541250,270625
2021-03-07,30192,890604,543614,271807
2021-03-08,21882,912486,547352,273676
2021-03-09,31047,943533,552385,276193
2021-03-10,35264,978797,558407,279204
2021-03-11,40610,1019407,563428,281714
2021-03-12,43503,1062910,565495,282748
2021-03-13,53586,1116496,569371,284686
2021-03-14,41859,1158355,571229,285615
2021-03-15,33198,1191553,574566,287283
2021-03-16,51579,1243132,577836,288918
2021-03-17,58202,1301334,581318,290659
2021-03-18,58119,1359453,584537,292269
2021-03-19,61146,1420599,589498,294749
2021-03-20,60283,1480882,594267,297134
2021-03-21,40823,1521705,597098,298549
2021-03-22,31335,1553040,598594,299297
2021-03-23,50659,1603699,602086,301043
2021-03-24,72451,1676150,605328,302664
2021-03-25,79446,1755596,608771,304386
2021-03-26,82996,1838592,612746,306373
2021-03-27,77740,1916332,616602,308301
2021-03-28,64950,1981282,618570,309285
2021-03-29,50453,2031735,622495,311248
2021-03-30,70645,2102380,627778,313889
2021-03-31,89873,2192253,631639,315820
2021-04-01,84060,2276313,635430,317715
2021-04-02,88183,2364496,640700,320350
2021-04-03,59567,2424063,642937,321469
2021-04-04,69125,2493188,644095,322048
2021-04-05,52452,2545640,644393,322197
2021-04-06,76199,2621839,646295,323148
2021-04-07,104382,2726221,649566,324783
2021-04-08,108563,2834784,652719,326360
2021-04-09,105382,2940166,657719,328598
2021-04-10,104783,3044949,661963,330982
2021-04-11,94794,3139743,666299,333150
2021-04-12,74722,3214465,666838,333419
2021-04-13,95692,3310157,670524,335262
2021-04-14,112817,3422974,674411,337206
2021-04-15,105430,3528404,678981,339491
2021-04-16,115634,3644038,683866,341933
2021-04-17,107278,3751316,688488,344244
2021-04-18,86565,3837881,690620,345310
2021-04-19,66897,3904778,692010,346005
2021-04-20,90409,3995187,695194,347597
2021-04-21,136695,4131882,698791,349396
2021-04-22,134920,4266802,702707,351354
2021-04-23,133872,4400674,710416,355208
2021-04-24,126694,4527368,717552,358776
2021-04-25,99535,4626903,720708,360354
2021-04-26,69308,4696211,722332,361166
2021-04-27,94819,4791030,725126,362563
2021-04-28,116173,4907203,730332,365166
2021-04-29,120567,5027770,736806,368403
2021-04-30,112214,5139984,742220,371110
2021-05-01,107700,5247684,747118,373559
2021-05-02,76685,5324369,750560,375280
2021-05-03,53880,5378249,751810,375905
2021-05-04,88871,5467120,756170,378085
2021-05-05,132603,5599723,762246,381123
2021-05-06,141038,5740761,769178,384589
2021-05-07,144724,5885485,774968,387484
2021-05-08,138125,6023610,781980,390990
2021-05-09,121075,6144685,785670,392835
2021-05-10,94093,6238778,787768,393884
2021-05-11,112103,6350881,793574,396787
2021-05-12,140785,6491666,804516,402258
2021-05-13,137697,6629363,815200,407600
2021-05-14,141765,6771128,831062,415531
2021-05-15,154104,6925232,845920,422960
2021-05-16,139583,7064815,859272,429636
2021-05-17,112330,7177145,865520,432760
2021-05-18,109032,7286177,884204,442102
2021-05-19,145461,7431638,913568,456784
2021-05-20,144986,7576624,947518,473759
2021-05-21,158524,7735148,991514,495757
2021-05-22,190129,7925277,1039962,519981
2021-05-23,140330,8065607,1063206,531603
2021-05-24,,,,
2021-05-25,,,,
2021-05-26,,,,
2021-05-27,,,,
2021-05-28,,,,
2021-05-29,,,,
2021-05-30,,,,
2021-05-31,,,,
2021-06-01,,,,
2021-06-02,,,,
2021-06-03,,,,
2021-06-04,,,,
2021-06-05,,,,
2021-06-06,,,,
2021-06-07,,,,
2021-06-08,,,,
2021-06-09,,,,
2021-06-10,,,,
2021-06-11,,,,
2021-06-12,,,,
2021-06-13,,,,
2021-06-14,,,,
2021-06-15,,,,
2021-06-16,,,,
2021-06-17,,,,
2021-06-18,,,,
2021-06-19,,,,
2021-06-20,,,,
2021-06-21,,,,
2021-06-22,,,,
2021-06-23,,,,
2021-06-24,,,,
2021-06-25,,,,
2021-06-26,,,,
2021-06-27,,,,
2021-06-28,,,,
2021-06-29,,,,
2021-06-30,,,,
2021-07-01,,,,
2021-07-02,,,,
2021-07-03,,,,
2021-07-04,,,,
2021-07-05,,,,
2021-07-06,,,,
2021-07-07,,,,
2021-07-08,,,,
2021-07-09,,,,
2021-07-10,,,,
2021-07-11,,,,
2021-07-12,,,,
2021-07-13,,,,
2021-07-14,,,,
2021-07-15,,,,
2021-07-16,,,,
2021-07-17,,,,
2021-07-18,,,,
2021-07-19,,,,
2021-07-20,,,,
2021-07-21,,,,
2021-07-22,,,,
2021-07-23,,,,
2021-07-24,,,,
2021-07-25,,,,
2021-07-26,,,,
2021-07-27,,,,
2021-07-28,,,,
2021-07-29,,,,
2021-07-30,,,,
2021-07-31,,,,
2021-08-01,,,,
2021-08-02,,,,
2021-08-03,,,,
2021-08-04,,,,
2021-08-05,,,,
2021-08-06,,,,
2021-08-07,,,,
2021-08-08,,,,
2021-08-09,,,,
2021-08-10,,,,
2021-08-11,,,,
2021-08-12,,,,
2021-08-13,,,,
2021-08-14,,,,
2021-08-15,,,,
2021-08-16,,,,
2021-08-17,,,,
2021-08-18,,,,
2021-08-19,,,,
2021-08-20,,,,
2021-08-21,,,,
2021-08-22,,,,
2021-08-23,,,,
2021-08-24,,,,
2021-08-25,,,,
2021-08-26,,,,
2021-08-27,,,,
2021-08-28,,,,
2021-08-29,,,,
2021-08-30,,,,
2021-08-31,,,,
2021-09-01,,,,
2021-09-02,,,,
2021-09-03,,,,
2021-09-04,,,,
2021-09-05,,,,
2021-09-06,,,,
2021-09-07,,,,
2021-09-08,,,,
2021-09-09,,,,
2021-09-10,,,,
2021-09-11,,,,
2021-09-12,,,,
2021-09-13,,,,
2021-09-14,,,,
2021-09-15,,,,
2021-09-16,,,,
2021-09-17,,,,
2021-09-18,,,,
2021-09-19,,,,
2021-09-20,,,,
2021-09-21,,,,
2021-09-22,,,,
2021-09-23,,,,
2021-09-24,,,,
2021-09-25,,,,
2021-09-26,,,,
2021-09-27,,,,
2021-09-28,,,,
2021-09-29,,,,
2021-09-30,,,,
2021-10-01,,,,
2021-10-02,,,,
2021-10-03,,,,
2021-10-04,,,,
2021-10-05,,,,
2021-10-06,,,,
2021-10-07,,,,
2021-10-08,,,,
2021-10-09,,,,
2021-10-10,,,,
2021-10-11,,,,
2021-10-12,,,,
2021-10-13,,,,
2021-10-14,,,,
2021-10-15,,,,
2021-10-16,,,,
2021-10-17,,,,
2021-10-18,,,,
2021-10-19,,,,
2021-10-20,,,,
2021-10-21,,,,
2021-10-22,,,,
2021-10-23,,,,
2021-10-24,,,,
2021-10-25,,,,
2021-10-26,,,,
2021-10-27,,,,
2021-10-28,,,,
2021-10-29,,,,
2021-10-30,,,,
2021-10-31,,,,
2021-11-01,,,,
2021-11-02,,,,
2021-11-03,,,,
2021-11-04,,,,
2021-11-05,,,,
2021-11-06,,,,
2021-11-07,,,,
2021-11-08,,,,
2021-11-09,,,,
2021-11-10,,,,
2021-11-11,,,,
2021-11-12,,,,
2021-11-13,,,,
2021-11-14,,,,
2021-11-15,,,,
2021-11-16,,,,
2021-11-17,,,,
2021-11-18,,,,
2021-11-19,,,,
2021-11-20,,,,
2021-11-21,,,,
2021-11-22,,,,
2021-11-23,,,,
2021-11-24,,,,
2021-11-25,,,,
2021-11-26,,,,
2021-11-27,,,,
2021-11-28,,,,
2021-11-29,,,,
2021-11-30,,,,
2021-12-01,,,,
2021-12-02,,,,
2021-12-03,,,,
2021-12-04,,,,
2021-12-05,,,,
2021-12-06,,,,
2021-12-07,,,,
2021-12-08,,,,
2021-12-09,,,,
2021-12-10,,,,
2021-12-11,,,,
2021-12-12,,,,
2021-12-13,,,,
2021-12-14,,,,
2021-12-15,,,,
2021-12-16,,,,
2021-12-17,,,,
2021-12-18,,,,
2021-12-19,,,,
2021-12-20,,,,
2021-12-21,,,,
2021-12-22,,,,
2021-12-23,,,,
2021-12-24,,,,
2021-12-25,,,,
2021-12-26,,,,
2021-12-27,,,,
2021-12-28,,,,
2021-12-29,,,,
2021-12-30,,,,
2021-12-31,,,,
2022-01-01,,,,
2022-01-02,,,,
2022-01-03,,,,
2022-01-04,,,,
2022-01-05,,,,
2022-01-06,,,,
2022-01-07,,,,
2022-01-08,,,,
2022-01-09,,,,
2022-01-10,,,,
2022-01-11,,,,
2022-01-12,,,,
2022-01-13,,,,
2022-01-14,,,,
2022-01-15,,,,
2022-01-16,,,,
2022-01-17,,,,
2022-01-18,,,,
2022-01-19,,,,
2022-01-20,,,,
2022-01-21,,,,
2022-01-22,,,,
2022-01-23,,,,
2022-01-24,,,,
2022-01-25,,,,
2022-01-26,,,,
2022-01-27,,,,
2022-01-28,,,,
2022-01-29,,,,
2022-01-30,,,,
2022-01-31,,,,
2022-02-01,,,,
2022-02-02,,,,
2022-02-03,,,,
2022-02-04,,,,
2022-02-05,,,,
2022-02-06,,,,
2022-02-07,,,,
2022-02-08,,,,
2022-02-09,,,,
2022-02-10,,,,
2022-02-11,,,,
2022-02-12,,,,
2022-02-13,,,,
2022-02-14,,,,
2022-02-15,,,,
2022-02-16,,,,
2022-02-17,,,,
2022-02-18,,,,
2022-02-19,,,,
2022-02-20,,,,
2022-02-21,,,,
2022-02-22,,,,
2022-02-23,,,,
2022-02-24,,,,
2022-02-25,,,,
2022-02-26,,,,
2022-02-27,,,,
2022-02-28,,,,
2022-03-01,,,,
2022-03-02,,,,
2022-03-03,,,,
2022-03-04,,,,
2022-03-05,,,,
2022-03-06,,,,
2022-03-07,,,,
2022-03-08,,,,
2022-03-09,,,,
2022-03-10,,,,
2022-03-11,,,,
2022-03-12,,,,
2022-03-13,,,,
2022-03-14,,,,
2022-03-15,,,,
2022-03-16,,,,
2022-03-17,,,,
2022-03-18,,,,
2022-03-19,,,,
2022-03-20,,,,
2022-03-21,,,,
2022-03-22,,,,
2022-03-23,,,,
2022-03-24,,,,
2022-03-25,,,,
2022-03-26,,,,
2022-03-27,,,,
2022-03-28,,,,
2022-03-29,,,,
2022-03-30,,,,
2022-03-31,,,,
2022-04-01,,,,
2022-04-02,,,,
2022-04-03,,,,
